fecha;TempAi1;Bn;Gh;Dh;CelulaTop;CelulaMid;CelulaBot;TopCal;MidCal;BotCal;Presion;V_Vien1;D_Vien1;ElevSol1;OrientSol1;TempAi2;HumRel;Bn2;G41;Gn;Pirgeo;TemPirgeo;Auxil;V_Vien2;D_Vien2;Lluvia;Limpieza;ElevSol2;OrientSol2
2020/09/06 07:48;17.559;0.0;-0.782;-0.269;-0.313;5.919;6.998;0.485;-0.079;-0.116;938.756;0.24;274.552;-0.229;81.168;17.499;55.9;0.0;-0.863;4.909;335.766;17.882;-3.357;0.253;213.595;0.0;0.0;-0.219;81.168
2020/09/06 20:37;29.427;0.0;-3.436;-1.41;-0.375;6.345;7.891;0.492;-0.108;-0.081;935.461;0.987;178.419;-0.092;278.5;29.596;25.581;0.0;-4.779;7.722;392.599;31.457;-1.326;1.023;174.563;0.0;0.0;-0.112;278.5
2020/09/06 20:38;29.362;0.0;-4.153;-2.144;-0.389;6.166;7.594;0.362;-0.068;-0.067;935.461;1.22;336.174;-0.403;278.663;29.542;25.729;0.0;-5.292;6.804;392.188;31.386;-2.053;1.215;272.93;0.0;0.0;-0.353;278.662
2020/09/06 20:39;29.316;0.0;-4.78;-2.801;-0.405;5.987;7.263;0.494;-0.124;-0.054;935.461;0.972;338.715;-0.494;278.825;29.483;25.909;0.0;-5.807;5.218;391.755;31.32;-1.728;1.158;283.233;0.0;0.0;-0.453;278.825
2020/09/06 20:40;29.285;0.0;-5.398;-3.327;-0.417;5.83;6.963;0.481;-0.13;-0.037;935.461;0.75;173.411;0;278.988;29.449;26.001;0.0;-6.29;2.759;391.431;31.253;-1.459;0.947;219.25;0.0;0.0;-0.453;278.988
2020/09/06 20:41;29.232;0.0;-5.955;-3.94;-0.423;5.785;6.867;0.448;-0.05;-0.136;935.461;0.91;16.801;0;279.151;29.424;26.031;0.0;-6.75;1.376;390.992;31.178;-1.509;0.953;142.442;0.0;0.0;-0.453;279.151
2020/09/06 20:42;29.157;0.0;-6.398;-4.283;-0.422;5.783;6.871;0.429;-0.132;-0.006;935.46;1.015;16.3;0;279.314;29.384;26.095;0.0;-7.089;1.264;390.531;31.097;-1.813;1.075;114.592;0.0;0.0;-0.453;279.313
2020/09/06 20:43;29.097;0.0;-6.704;-4.658;-0.423;5.784;6.872;0.411;-0.046;-0.119;935.46;0.896;20.551;0;279.476;29.329;26.248;0.0;-7.36;1.106;390.216;31.021;-2.469;0.944;129.167;0.0;0.0;-0.453;279.476
2020/09/06 20:44;29.065;0.0;-7.001;-5.115;-0.422;5.789;6.873;0.485;-0.07;-0.13;935.46;0.995;32.04;0;279.639;29.285;26.366;0.0;-7.653;0.96;389.838;30.944;-2.31;0.929;114.767;0.0;0.0;-0.453;279.639
2020/09/06 20:45;29.018;0.0;-7.278;-5.233;-0.424;5.786;6.876;0.377;-0.103;-0.016;935.459;1.138;29.701;0;279.802;29.246;26.436;0.0;-7.892;1.049;389.465;30.865;-1.849;1.044;61.083;0.0;0.0;-0.453;279.802
2020/09/06 20:46;28.971;0.0;-7.466;-5.575;-0.417;5.784;6.877;0.408;-0.045;-0.088;935.458;1.175;25.154;0;279.966;29.182;26.563;0.0;-8.058;0.855;389.088;30.792;-1.585;1.103;97.558;0.0;0.0;-0.453;279.966
2020/09/06 20:47;28.919;0.0;-7.571;-6.075;-0.406;5.786;6.876;0.468;-0.128;-0.05;935.457;1.1;24.119;0;280.13;29.131;26.693;0.0;-8.145;0.535;388.774;30.725;-2.05;1.064;145.008;0.0;0.0;-0.453;280.13
2020/09/06 20:48;28.893;0.0;-7.65;-6.358;-0.401;5.79;6.877;0.431;-0.132;-0.016;935.456;1.231;25.701;0;280.292;29.114;26.73;0.0;-8.22;0.519;388.54;30.663;-2.784;1.067;133.908;0.0;0.0;-0.453;280.293
2020/09/06 20:49;28.892;0.0;-7.7;-6.323;-0.403;5.792;6.881;0.501;-0.09;-0.133;935.457;1.254;35.577;0;280.456;29.087;26.766;0.0;-8.291;0.601;388.334;30.602;-2.426;1.014;119.65;0.0;0.0;-0.453;280.456
2020/09/06 20:50;28.86;0.0;-7.76;-6.234;-0.41;5.797;6.885;0.496;-0.085;-0.127;935.458;0.993;33.547;0;280.62;29.047;26.854;0.0;-8.336;0.412;388.107;30.538;-1.525;0.881;106.983;0.0;0.0;-0.453;280.62
2020/09/06 20:51;28.826;0.0;-7.894;-6.364;-0.409;5.799;6.887;0.384;-0.11;-0.008;935.478;0.976;17.999;0;280.784;29.002;26.926;0.0;-8.36;0.252;387.769;30.478;-1.537;0.974;92.467;0.0;0.0;-0.453;280.785
2020/09/06 20:52;28.809;0.0;-7.963;-6.439;-0.405;5.798;6.889;0.376;-0.066;-0.068;935.584;1.349;19.689;0;280.949;28.971;26.975;0.0;-8.351;0.288;387.552;30.431;-1.91;1.279;81.808;0.0;0.0;-0.453;280.949
2020/09/06 20:53;28.781;0.0;-7.822;-6.342;-0.404;5.799;6.892;0.47;-0.058;-0.132;935.67;1.543;21.552;0;281.113;28.958;27.017;0.0;-8.235;0.318;387.406;30.398;-2.032;1.386;68.242;0.0;0.0;-0.453;281.113
2020/09/06 20:54;28.755;0.0;-7.591;-6.392;-0.401;5.804;6.893;0.484;-0.124;-0.041;935.671;1.233;27.329;0;281.277;28.915;27.098;0.0;-7.993;0.214;387.223;30.364;-1.985;1.165;61.942;0.0;0.0;-0.453;281.277
2020/09/06 20:55;28.744;0.0;-7.502;-6.46;-0.398;5.806;6.894;0.415;-0.046;-0.121;935.671;1.246;27.341;0;281.442;28.872;27.174;0.0;-7.827;0.178;387.102;30.325;-2.042;1.068;73.217;0.0;0.0;-0.453;281.442
2020/09/06 20:56;28.742;0.0;-7.512;-6.446;-0.397;5.807;6.896;0.438;-0.045;-0.129;935.671;1.288;24.07;0;281.607;28.854;27.216;0.0;-7.775;0.304;386.929;30.287;-2.188;1.049;101.175;0.0;0.0;-0.453;281.607
2020/09/06 20:57;28.707;0.0;-7.529;-6.572;-0.395;5.81;6.897;0.372;-0.083;-0.042;935.67;1.182;192.347;0;281.772;28.836;27.274;0.0;-7.714;0.154;386.73;30.255;-2.075;1.083;166.108;0.0;0.0;-0.453;281.772
2020/09/06 20:58;28.68;0.0;-7.601;-6.732;-0.387;5.811;6.897;0.492;-0.116;-0.06;935.669;0.943;197.857;0;281.937;28.816;27.347;0.0;-7.681;0.058;386.742;30.215;-2.244;0.855;173.71;0.0;0.0;-0.453;281.937
2020/09/06 20:59;28.668;0.0;-7.773;-6.668;-0.389;5.81;6.9;0.37;-0.084;-0.04;935.668;0.85;36.08;0;282.105;28.813;27.352;0.0;-7.801;0.344;386.615;30.155;-2.682;0.739;96.21;0.0;0.0;-0.453;282.102
2020/09/06 21:00;28.658;0.0;-7.925;-6.684;-0.393;5.811;6.902;0.475;-0.129;-0.03;935.669;0.963;31.535;0;282.269;28.804;27.347;0.0;-7.954;0.277;386.315;30.104;-2.273;0.948;98.933;0.0;0.0;-0.453;282.267
2020/09/06 21:01;28.694;0.0;-7.894;-6.706;-0.393;5.811;6.902;0.468;-0.134;-0.025;935.669;1.198;29.702;0;282.43;28.794;27.366;0.0;-7.915;-0.102;386.095;30.08;-1.476;1.164;83.808;0.0;0.0;-0.453;282.433
2020/09/06 21:02;28.719;0.0;-7.723;-6.58;-0.392;5.812;6.904;0.493;-0.12;-0.057;935.668;1.105;23.16;0;282.596;28.8;27.374;0.0;-7.738;-0.163;386.11;30.061;-1.404;1.078;90.9;0.0;0.0;-0.453;282.599
2020/09/06 21:03;28.711;0.0;-7.633;-6.503;-0.39;5.815;6.905;0.384;-0.051;-0.088;935.668;0.813;18.721;0;282.762;28.806;27.361;0.0;-7.633;-0.148;386.185;30.025;-1.562;0.734;115.508;0.0;0.0;-0.453;282.765
2020/09/06 21:04;28.667;0.0;-7.684;-6.514;-0.389;5.816;6.906;0.436;-0.128;-0.006;935.668;0.861;29.266;0;282.929;28.801;27.372;0.0;-7.638;-0.044;386.02;29.979;-1.837;0.746;87.592;0.0;0.0;-0.453;282.931
2020/09/06 21:05;28.628;0.0;-7.753;-6.577;-0.388;5.816;6.907;0.372;-0.08;-0.038;935.668;0.915;39.728;0;283.094;28.774;27.429;0.0;-7.667;0.13;385.857;29.934;-2.188;0.833;82.308;0.0;0.0;-0.453;283.097
2020/09/06 21:06;28.627;0.0;-7.758;-6.656;-0.387;5.817;6.908;0.389;-0.053;-0.091;935.669;1.129;36.266;0;283.261;28.754;27.446;0.0;-7.666;0.001;385.64;29.899;-1.731;0.941;56.925;0.0;0.0;-0.453;283.264
2020/09/06 21:07;28.626;0.0;-7.644;-6.615;-0.387;5.819;6.909;0.374;-0.092;-0.028;935.668;1.103;39.713;0;283.428;28.744;27.451;0.0;-7.527;-0.103;385.531;29.878;-1.667;0.911;49.817;0.0;0.0;-0.453;283.431
2020/09/06 21:08;28.617;0.0;-7.506;-6.563;-0.385;5.82;6.91;0.489;-0.072;-0.125;935.669;1.106;51.051;0;283.595;28.726;27.479;0.0;-7.304;-0.345;385.478;29.863;-1.476;0.98;53.767;0.0;0.0;-0.453;283.598
2020/09/06 21:09;28.637;0.0;-7.37;-6.371;-0.384;5.82;6.912;0.408;-0.12;-0.002;935.673;1.345;57.131;0;283.762;28.723;27.447;0.0;-7.067;-0.462;385.298;29.86;-0.72;1.256;50.333;0.0;0.0;-0.453;283.765
2020/09/06 21:10;28.679;0.0;-7.14;-6.104;-0.386;5.822;6.914;0.425;-0.047;-0.121;935.711;1.359;45.176;0;283.93;28.748;27.323;0.0;-6.7;-0.272;385.235;29.873;-0.877;1.301;86.617;0.0;0.0;-0.453;283.932
2020/09/06 21:11;28.684;0.0;-6.885;-5.962;-0.38;5.822;6.913;0.482;-0.071;-0.123;935.79;1.363;46.809;0;284.097;28.767;27.237;0.0;-6.28;-0.154;385.187;29.892;-1.599;1.3;89.758;0.0;0.0;-0.453;284.1
2020/09/06 21:12;28.648;0.0;-6.67;-5.744;-0.379;5.823;6.914;0.398;-0.05;-0.103;935.844;1.258;59.7;0;284.265;28.751;27.266;0.0;-5.925;0.134;385.242;29.903;-2.452;1.195;55.367;0.0;0.0;-0.453;284.268
2020/09/06 21:13;28.631;0.0;-6.565;-5.728;-0.377;5.825;6.914;0.466;-0.132;-0.025;935.853;1.258;51.419;0;284.433;28.721;27.314;0.0;-5.704;0.135;385.329;29.893;-2.045;1.139;62.758;0.0;0.0;-0.453;284.436
2020/09/06 21:14;28.658;0.0;-6.481;-5.747;-0.377;5.829;6.914;0.495;-0.082;-0.115;935.853;1.537;58.834;0;284.601;28.714;27.295;0.0;-5.588;-0.169;385.216;29.886;-1.395;1.365;73.525;0.0;0.0;-0.453;284.604
2020/09/06 21:15;28.681;0.0;-6.338;-5.427;-0.386;5.83;6.918;0.372;-0.068;-0.052;935.855;1.782;64.371;0;284.77;28.737;27.23;0.0;-5.395;-0.212;384.984;29.9;-1.647;1.678;63.033;0.0;0.0;-0.453;284.773
2020/09/06 21:16;28.655;0.0;-6.159;-5.404;-0.379;5.828;6.918;0.446;-0.049;-0.129;935.854;1.9;46.791;0;284.938;28.747;27.237;0.0;-5.079;-0.295;384.812;29.93;-1.386;1.826;52.008;0.0;0.0;-0.453;284.941
2020/09/06 21:17;28.667;0.0;-5.912;-5.374;-0.371;5.827;6.917;0.475;-0.128;-0.029;935.853;2.426;51.394;0;285.107;28.731;27.304;0.0;-4.835;-0.432;384.765;29.959;-0.965;2.32;54.925;0.0;0.0;-0.453;285.11
2020/09/06 21:18;28.736;0.0;-5.552;-4.865;-0.375;5.824;6.92;0.402;-0.049;-0.104;935.853;3.002;65.924;0;285.277;28.767;27.254;0.0;-4.504;-0.164;384.625;30.027;-1.584;2.808;62.375;0.0;0.0;-0.453;285.28
2020/09/06 21:19;28.75;0.0;-5.116;-4.444;-0.381;5.827;6.923;0.492;-0.074;-0.118;935.853;2.66;62.165;0;285.446;28.817;27.187;0.0;-3.953;0.038;384.593;30.113;-1.919;2.439;58.275;0.0;0.0;-0.453;285.449
2020/09/06 21:20;28.699;0.0;-4.882;-4.33;-0.378;5.83;6.923;0.397;-0.112;-0.006;935.852;2.263;48.337;0;285.616;28.802;27.255;0.0;-3.62;-0.006;384.664;30.155;-1.569;2.121;44.875;0.0;0.0;-0.453;285.619
2020/09/06 21:21;28.634;0.0;-4.853;-4.275;-0.375;5.83;6.923;0.42;-0.046;-0.115;935.852;1.967;41.905;0;285.786;28.748;27.392;0.0;-3.69;-0.124;384.617;30.166;-1.518;1.893;69.875;0.0;0.0;-0.453;285.789
2020/09/06 21:22;28.56;0.0;-4.963;-4.325;-0.375;5.832;6.924;0.403;-0.118;-0.002;935.852;1.682;57.421;0;285.959;28.679;27.519;0.0;-4.003;-0.148;384.585;30.154;-1.861;1.601;82.933;0.0;0.0;-0.453;285.922
2020/09/06 21:23;28.52;0.0;-5.211;-4.658;-0.371;5.834;6.923;0.423;-0.128;-0.004;935.859;1.773;65.599;0;285.97;28.618;27.629;0.0;-4.287;-0.1;384.611;30.135;-1.734;1.655;61.883;0.0;0.0;-0.453;285.97
2020/09/06 21:24;28.502;0.0;-5.42;-4.732;-0.373;5.834;6.925;0.417;-0.048;-0.116;935.948;1.946;65.534;0;285.97;28.586;27.711;0.0;-4.375;-0.174;384.585;30.122;-1.627;1.753;63.542;0.0;0.0;-0.453;285.97
2020/09/06 21:25;28.469;0.0;-5.553;-4.695;-0.374;5.833;6.927;0.376;-0.062;-0.069;936.043;1.989;64.207;0;285.97;28.561;27.774;0.0;-4.347;0.002;384.619;30.1;-2.279;1.77;62.508;0.0;0.0;-0.453;285.97
2020/09/06 21:26;28.432;0.0;-5.673;-4.871;-0.37;5.833;6.926;0.372;-0.079;-0.046;936.055;1.644;61.861;0;285.97;28.528;27.85;0.0;-4.341;0.119;384.773;30.069;-2.036;1.52;60.967;0.0;0.0;-0.453;285.97
2020/09/06 21:27;28.428;0.0;-5.822;-4.938;-0.368;5.832;6.927;0.385;-0.053;-0.084;936.053;1.728;60.032;0;285.97;28.506;27.872;0.0;-4.412;-0.042;384.76;30.039;-1.52;1.71;65.333;0.0;0.0;-0.453;285.969
2020/09/06 21:28;28.428;0.0;-5.852;-4.871;-0.369;5.831;6.929;0.501;-0.1;-0.085;936.053;2.098;56.407;0;285.968;28.51;27.835;0.0;-4.412;-0.173;384.57;30.023;-1.439;1.939;60.508;0.0;0.0;-0.453;285.968
2020/09/06 21:29;28.41;0.0;-5.737;-4.799;-0.372;5.834;6.929;0.487;-0.122;-0.047;936.055;2.05;60.073;0;285.968;28.496;27.861;0.0;-4.3;-0.132;384.364;30.012;-1.661;1.82;61.65;0.0;0.0;-0.453;285.968
2020/09/06 21:30;28.379;0.0;-5.677;-4.712;-0.372;5.834;6.93;0.403;-0.118;-0.005;936.054;1.887;63.585;0;285.968;28.463;27.923;0.0;-4.229;-0.22;384.12;29.999;-1.578;1.753;66.083;0.0;0.0;-0.453;285.968
2020/09/06 21:31;28.315;0.0;-5.71;-4.734;-0.37;5.834;6.93;0.494;-0.11;-0.07;936.054;1.707;60.553;0;285.968;28.432;27.983;0.0;-4.253;-0.451;383.906;29.975;-1.003;1.667;62.008;0.0;0.0;-0.453;285.968
2020/09/06 21:32;28.26;0.0;-5.79;-4.848;-0.368;5.836;6.93;0.501;-0.096;-0.097;936.054;1.727;51.198;0;285.968;28.381;28.072;0.0;-4.352;-0.149;383.751;29.938;-1.911;1.783;62.542;0.0;0.0;-0.453;285.968
2020/09/06 21:33;28.229;0.0;-5.831;-4.903;-0.368;5.838;6.93;0.388;-0.052;-0.091;936.054;2.045;55.299;0;285.966;28.339;28.121;0.0;-4.535;-0.233;383.53;29.894;-1.478;1.918;63.692;0.0;0.0;-0.453;285.967
2020/09/06 21:34;28.227;0.0;-5.822;-4.814;-0.37;5.837;6.932;0.5;-0.099;-0.089;936.053;2.19;59.015;0;285.966;28.317;28.134;0.0;-4.615;-0.196;383.325;29.858;-1.441;1.899;57.992;0.0;0.0;-0.453;285.966
2020/09/06 21:35;28.217;0.0;-5.797;-4.783;-0.371;5.838;6.933;0.376;-0.064;-0.065;936.054;1.745;56.795;0;285.966;28.305;28.158;0.0;-4.544;-0.035;383.206;29.833;-2.101;1.461;58.208;0.0;0.0;-0.453;285.966
2020/09/06 21:36;28.236;0.0;-5.843;-4.817;-0.368;5.837;6.934;0.497;-0.112;-0.067;936.054;2.099;62.822;0;285.966;28.296;28.126;0.0;-4.534;0.027;382.98;29.816;-1.893;1.888;62.542;0.0;0.0;-0.453;285.966
2020/09/06 21:37;28.241;0.0;-5.819;-4.776;-0.362;5.832;6.934;0.421;-0.123;-0.002;936.087;2.456;57.73;0;285.966;28.299;28.075;0.0;-4.415;0.283;382.791;29.817;-2.092;2.276;57.642;0.0;0.0;-0.453;285.966
2020/09/06 21:38;28.172;0.0;-5.691;-4.761;-0.363;5.836;6.934;0.379;-0.063;-0.073;936.172;1.882;50.603;0;285.966;28.281;28.139;0.0;-4.238;0.029;382.703;29.798;-1.226;1.705;52.042;0.0;0.0;-0.453;285.965
2020/09/06 21:39;28.135;0.0;-5.701;-4.739;-0.365;5.838;6.935;0.373;-0.088;-0.033;936.231;1.48;39.686;0;285.964;28.225;28.257;0.0;-4.294;-0.051;382.595;29.753;-1.334;1.309;59.033;0.0;0.0;-0.453;285.964
2020/09/06 21:40;28.108;0.0;-5.854;-4.762;-0.366;5.837;6.936;0.468;-0.058;-0.128;936.239;1.352;38.799;0;285.964;28.19;28.318;0.0;-4.595;-0.135;382.46;29.701;-1.619;1.257;67.967;0.0;0.0;-0.453;285.964
2020/09/06 21:41;28.076;0.0;-6.057;-4.945;-0.363;5.837;6.937;0.39;-0.106;-0.01;936.238;1.643;56.579;0;285.964;28.167;28.352;0.0;-4.892;-0.201;382.093;29.652;-1.701;1.567;68.992;0.0;0.0;-0.453;285.964
2020/09/06 21:42;28.048;0.0;-6.159;-5.138;-0.361;5.839;6.936;0.501;-0.102;-0.079;936.238;1.544;62.403;0;285.964;28.135;28.404;0.0;-4.949;0.02;381.758;29.621;-2.094;1.302;65.192;0.0;0.0;-0.453;285.964
2020/09/06 21:43;28.003;0.0;-6.221;-5.236;-0.363;5.843;6.936;0.48;-0.126;-0.036;936.238;1.457;58.788;0;285.964;28.095;28.455;0.0;-4.939;-0.005;381.586;29.583;-1.657;1.302;56.375;0.0;0.0;-0.453;285.964
2020/09/06 21:44;27.952;0.0;-6.278;-5.279;-0.362;5.844;6.936;0.474;-0.059;-0.13;936.238;1.886;63.379;0;285.964;28.05;28.48;0.0;-4.927;-0.222;381.307;29.543;-1.164;1.879;60.192;0.0;0.0;-0.453;285.963
2020/09/06 21:45;27.917;0.0;-6.228;-5.126;-0.362;5.843;6.937;0.423;-0.045;-0.119;936.238;2.006;64.461;0;285.962;28.016;28.487;0.0;-4.803;-0.211;381.007;29.517;-1.377;1.95;64.975;0.0;0.0;-0.453;285.962
2020/09/06 21:46;27.933;0.0;-6.111;-4.794;-0.366;5.84;6.939;0.473;-0.06;-0.129;936.238;2.173;57.259;0;285.962;28.003;28.437;0.0;-4.651;0.119;380.893;29.499;-2.434;2.074;83.392;0.0;0.0;-0.453;285.962
2020/09/06 21:47;27.939;0.0;-5.911;-4.64;-0.371;5.841;6.941;0.413;-0.044;-0.113;936.237;2.393;57.885;0;285.962;28.006;28.37;0.0;-4.481;0.227;380.84;29.494;-2.9;2.247;81.933;0.0;0.0;-0.453;285.962
2020/09/06 21:48;27.901;0.0;-5.687;-4.769;-0.369;5.849;6.939;0.472;-0.059;-0.129;936.238;2.332;60.521;0;285.962;27.987;28.403;0.0;-4.268;0.12;380.599;29.486;-2.637;2.196;59.008;0.0;0.0;-0.453;285.962
2020/09/06 21:49;27.856;0.0;-5.581;-4.55;-0.365;5.846;6.94;0.409;-0.047;-0.109;936.238;2.413;64.368;0;285.962;27.95;28.457;0.0;-4.119;-0.06;380.379;29.469;-1.911;2.334;64.733;0.0;0.0;-0.453;285.961
2020/09/06 21:50;27.838;0.0;-5.536;-4.388;-0.358;5.838;6.94;0.41;-0.122;-0.004;936.236;2.463;63.734;0;285.96;27.926;28.446;0.0;-4.034;-0.184;380.27;29.462;-1.65;2.379;61.933;0.0;0.0;-0.453;285.96
2020/09/06 21:51;27.846;0.0;-5.431;-4.505;-0.359;5.844;6.939;0.494;-0.117;-0.056;936.297;2.389;65.257;0;285.96;27.911;28.446;0.0;-3.971;0.083;380.033;29.453;-2.213;2.314;63.292;0.0;0.0;-0.453;285.96
2020/09/06 21:52;27.813;0.0;-5.383;-4.429;-0.365;5.849;6.941;0.441;-0.048;-0.129;936.386;2.293;69.157;0;285.96;27.887;28.491;0.0;-3.964;-0.024;379.77;29.439;-1.575;2.206;69.925;0.0;0.0;-0.453;285.96
2020/09/06 21:53;27.767;0.0;-5.439;-4.428;-0.364;5.848;6.942;0.499;-0.108;-0.077;936.429;2.159;63.496;0;285.96;27.858;28.511;0.0;-3.999;-0.107;379.645;29.421;-1.494;2.013;63.208;0.0;0.0;-0.453;285.96
2020/09/06 21:54;27.755;0.0;-5.491;-4.625;-0.361;5.851;6.941;0.424;-0.124;-0.007;936.447;2.275;62.343;0;285.96;27.833;28.52;0.0;-4.026;-0.095;379.432;29.39;-1.608;2.139;61.825;0.0;0.0;-0.453;285.96
2020/09/06 21:55;27.729;0.0;-5.523;-4.462;-0.363;5.848;6.942;0.404;-0.047;-0.106;936.447;2.273;60.88;0;285.96;27.818;28.527;0.0;-3.994;0.007;379.164;29.368;-2.282;2.166;59.017;0.0;0.0;-0.453;285.959
2020/09/06 21:56;27.7;0.0;-5.565;-4.431;-0.362;5.846;6.943;0.371;-0.082;-0.038;936.446;2.202;57.884;0;285.958;27.794;28.55;0.0;-4.022;0.171;378.944;29.345;-2.756;2.086;54.292;0.0;0.0;-0.453;285.958
2020/09/06 21:57;27.699;0.0;-5.616;-4.662;-0.355;5.847;6.942;0.386;-0.056;-0.078;936.446;2.251;58.125;0;285.958;27.77;28.552;0.0;-4.111;0.066;378.713;29.324;-2.098;2.091;53.708;0.0;0.0;-0.453;285.958
2020/09/06 21:58;27.692;0.0;-5.597;-4.515;-0.361;5.849;6.943;0.494;-0.076;-0.114;936.446;2.259;63.812;0;285.958;27.769;28.529;0.0;-4.122;0.216;378.532;29.311;-2.395;2.086;60.767;0.0;0.0;-0.453;285.958
2020/09/06 21:59;27.65;0.0;-5.595;-4.495;-0.363;5.851;6.944;0.433;-0.047;-0.122;936.446;2.086;67.601;0;285.958;27.751;28.564;0.0;-4.119;0.317;378.409;29.291;-2.827;1.941;65.933;0.0;0.0;-0.453;285.958
2020/09/06 22:00;27.57;0.0;-5.679;-4.65;-0.357;5.849;6.943;0.435;-0.047;-0.128;936.446;2.037;65.689;0;285.958;27.693;28.663;0.0;-4.167;-0.08;378.282;29.259;-2.312;1.924;62.033;0.0;0.0;-0.453;285.958
2020/09/06 22:01;27.541;0.0;-5.759;-4.682;-0.356;5.849;6.944;0.429;-0.124;-0.004;936.445;2.3;65.586;0;285.956;27.632;28.722;0.0;-4.209;-0.546;378.121;29.221;-1.579;2.197;64.3;0.0;0.0;-0.453;285.956
2020/09/06 22:02;27.558;0.0;-5.747;-4.646;-0.356;5.849;6.944;0.375;-0.082;-0.04;936.446;2.302;64.517;0;285.956;27.621;28.69;0.0;-4.193;-0.525;377.924;29.189;-1.294;2.196;63.117;0.0;0.0;-0.453;285.955
2020/09/06 22:03;27.538;0.0;-5.698;-4.615;-0.357;5.849;6.945;0.483;-0.124;-0.038;936.446;2.085;62.13;0;285.956;27.63;28.667;0.0;-4.148;-0.385;377.714;29.16;-1.397;1.974;58.858;0.0;0.0;-0.453;285.955
2020/09/06 22:04;27.473;0.0;-5.713;-4.641;-0.357;5.85;6.946;0.466;-0.06;-0.13;936.445;1.914;65.206;0;285.956;27.592;28.736;0.0;-4.174;-0.441;377.6;29.126;-1.03;1.748;63.767;0.0;0.0;-0.453;285.955
2020/09/06 22:05;27.415;0.0;-5.814;-4.714;-0.358;5.852;6.946;0.499;-0.091;-0.092;936.446;1.77;69.015;0;285.956;27.53;28.844;0.0;-4.306;-0.269;377.572;29.076;-1.137;1.609;69.9;0.0;0.0;-0.453;285.955
2020/09/06 22:06;27.389;0.0;-5.97;-4.865;-0.356;5.852;6.945;0.487;-0.073;-0.121;936.445;1.849;63.599;0;285.956;27.493;28.888;0.0;-4.464;0.084;377.486;29.028;-2.004;1.699;62.0;0.0;0.0;-0.453;285.955
2020/09/06 22:07;27.388;0.0;-6.053;-4.769;-0.359;5.85;6.947;0.375;-0.074;-0.053;936.445;2.12;61.829;0;285.954;27.468;28.899;0.0;-4.548;0.362;377.321;28.989;-2.933;1.913;58.85;0.0;0.0;-0.453;285.954
2020/09/06 22:08;27.421;0.0;-6.024;-4.478;-0.363;5.847;6.95;0.402;-0.048;-0.102;936.445;2.132;63.698;0;285.954;27.476;28.851;0.0;-4.495;0.396;377.148;28.967;-2.989;2.017;62.858;0.0;0.0;-0.453;285.954
2020/09/06 22:09;27.413;0.0;-5.938;-4.519;-0.355;5.845;6.949;0.375;-0.07;-0.055;936.444;2.234;66.459;0;285.954;27.496;28.791;0.0;-4.349;-0.0;376.974;28.956;-1.657;2.153;66.167;0.0;0.0;-0.453;285.954
2020/09/06 22:10;27.374;0.0;-5.792;-4.638;-0.352;5.85;6.947;0.502;-0.104;-0.078;936.445;2.485;68.375;0;285.954;27.471;28.8;0.0;-4.199;-0.039;376.923;28.946;-1.753;2.295;68.417;0.0;0.0;-0.453;285.954
2020/09/06 22:11;27.36;0.0;-5.634;-4.644;-0.354;5.855;6.947;0.469;-0.059;-0.13;936.446;2.505;64.391;0;285.954;27.447;28.784;0.0;-4.08;0.212;376.818;28.936;-2.33;2.336;62.783;0.0;0.0;-0.453;285.954
2020/09/06 22:12;27.357;0.0;-5.523;-4.742;-0.35;5.856;6.946;0.49;-0.073;-0.117;936.498;2.379;60.72;0;285.954;27.438;28.754;0.0;-3.978;0.278;376.78;28.925;-2.539;2.183;58.542;0.0;0.0;-0.453;285.953
2020/09/06 22:13;27.379;0.0;-5.464;-4.662;-0.348;5.854;6.947;0.442;-0.128;-0.006;936.567;2.241;59.517;0;285.952;27.443;28.696;0.0;-3.927;0.3;376.839;28.913;-2.846;2.03;57.033;0.0;0.0;-0.453;285.952
2020/09/06 22:14;27.404;0.0;-5.436;-4.507;-0.351;5.852;6.948;0.425;-0.126;-0.004;936.538;2.178;62.905;0;285.952;27.468;28.586;0.0;-3.934;0.154;376.675;28.9;-2.285;2.042;61.3;0.0;0.0;-0.453;285.952
2020/09/06 22:15;27.372;0.0;-5.404;-4.475;-0.355;5.855;6.948;0.473;-0.059;-0.128;936.489;2.068;61.78;0;285.952;27.468;28.56;0.0;-3.92;0.006;376.472;28.893;-1.916;1.933;61.392;0.0;0.0;-0.453;285.952
2020/09/06 22:16;27.321;0.0;-5.455;-4.46;-0.355;5.855;6.949;0.381;-0.097;-0.022;936.512;2.058;58.827;0;285.952;27.428;28.615;0.0;-3.936;-0.072;376.36;28.874;-1.857;1.911;57.25;0.0;0.0;-0.453;285.952
2020/09/06 22:17;27.3;0.0;-5.521;-4.673;-0.352;5.857;6.948;0.446;-0.051;-0.126;936.52;1.916;57.426;0;285.952;27.397;28.636;0.0;-3.982;-0.211;376.322;28.851;-1.553;1.768;56.642;0.0;0.0;-0.453;285.952
2020/09/06 22:18;27.281;0.0;-5.599;-4.871;-0.349;5.86;6.946;0.501;-0.1;-0.082;936.507;1.57;57.854;0;285.95;27.378;28.642;0.0;-4.028;-0.291;376.276;28.832;-1.596;1.411;57.45;0.0;0.0;-0.453;285.95
2020/09/06 22:19;27.293;0.0;-5.735;-4.852;-0.353;5.86;6.948;0.501;-0.089;-0.097;936.566;1.747;57.273;0;285.95;27.351;28.576;0.0;-4.166;-0.048;376.194;28.803;-2.29;1.608;56.558;0.0;0.0;-0.453;285.949
2020/09/06 22:20;27.304;0.0;-5.802;-4.751;-0.35;5.857;6.949;0.497;-0.109;-0.068;936.625;2.105;54.723;0;285.95;27.365;28.416;0.0;-4.213;0.046;376.001;28.784;-2.46;1.9;54.417;0.0;0.0;-0.453;285.949
2020/09/06 22:21;27.271;0.0;-5.724;-4.707;-0.347;5.858;6.948;0.496;-0.085;-0.104;936.631;2.133;61.67;0;285.95;27.378;28.382;0.0;-4.123;0.028;375.829;28.77;-2.025;1.902;62.442;0.0;0.0;-0.453;285.949
2020/09/06 22:22;27.249;0.0;-5.639;-4.591;-0.35;5.858;6.95;0.38;-0.063;-0.067;936.631;2.133;65.506;0;285.95;27.35;28.425;0.0;-4.052;-0.021;375.735;28.757;-1.737;1.957;66.092;0.0;0.0;-0.453;285.949
2020/09/06 22:23;27.21;0.0;-5.575;-4.453;-0.351;5.856;6.952;0.482;-0.066;-0.123;936.629;2.077;62.868;0;285.95;27.325;28.438;0.0;-4.003;-0.101;375.579;28.746;-1.702;1.917;61.633;0.0;0.0;-0.453;285.949
2020/09/06 22:24;27.146;0.0;-5.519;-4.511;-0.353;5.859;6.951;0.462;-0.128;-0.021;936.629;2.184;65.124;0;285.948;27.267;28.516;0.0;-4.007;-0.069;375.413;28.722;-1.738;2.003;65.625;0.0;0.0;-0.453;285.948
2020/09/06 22:25;27.134;0.0;-5.534;-4.486;-0.35;5.857;6.951;0.43;-0.048;-0.121;936.629;2.392;65.376;0;285.948;27.227;28.493;0.0;-4.003;-0.119;375.313;28.701;-1.713;2.159;66.183;0.0;0.0;-0.453;285.947
2020/09/06 22:26;27.144;0.0;-5.477;-4.573;-0.349;5.859;6.95;0.496;-0.078;-0.12;936.63;2.367;61.118;0;285.948;27.244;28.342;0.0;-3.922;-0.237;375.231;28.692;-1.635;2.217;59.108;0.0;0.0;-0.453;285.947
2020/09/06 22:27;27.13;0.0;-5.39;-4.725;-0.345;5.862;6.949;0.501;-0.104;-0.085;936.63;2.148;61.336;0;285.948;27.244;28.262;0.0;-3.85;-0.336;375.196;28.684;-1.253;2.036;58.675;0.0;0.0;-0.453;285.947
2020/09/06 22:28;27.101;0.0;-5.389;-4.555;-0.347;5.86;6.951;0.399;-0.111;-0.001;936.629;2.01;68.379;0;285.948;27.219;28.288;0.0;-3.872;-0.296;375.105;28.658;-1.412;1.846;66.425;0.0;0.0;-0.453;285.947
2020/09/06 22:29;27.058;0.0;-5.451;-4.584;-0.349;5.861;6.951;0.496;-0.113;-0.1;936.629;2.048;70.693;0;285.948;27.191;28.334;0.0;-3.946;-0.022;374.856;28.621;-2.267;1.917;68.983;0.0;0.0;-0.453;285.947
2020/09/06 22:30;27.026;0.0;-5.537;-4.615;-0.347;5.86;6.951;0.409;-0.046;-0.09;936.629;1.974;65.965;0;285.946;27.151;28.365;0.0;-4.01;0.053;374.72;28.585;-2.331;1.886;63.392;0.0;0.0;-0.453;285.946
2020/09/06 22:31;27.018;0.0;-5.619;-4.583;-0.346;5.857;6.952;0.383;-0.054;-0.081;936.629;2.067;65.528;0;285.946;27.12;28.368;0.0;-4.039;0.062;374.576;28.556;-2.235;1.934;63.15;0.0;0.0;-0.453;285.945
2020/09/06 22:32;27.007;0.0;-5.619;-4.505;-0.346;5.857;6.953;0.419;-0.124;-0.0;936.63;2.453;66.065;0;285.946;27.12;28.273;0.0;-4.024;-0.23;374.293;28.541;-1.275;2.245;64.775;0.0;0.0;-0.453;285.945
2020/09/06 22:33;27.023;0.0;-5.516;-4.326;-0.349;5.856;6.954;0.441;-0.049;-0.12;936.651;2.614;62.844;0;285.946;27.118;28.09;0.0;-3.922;-0.471;374.061;28.534;-0.74;2.437;60.617;0.0;0.0;-0.453;285.945
2020/09/06 22:34;27.07;0.0;-5.366;-4.291;-0.345;5.856;6.954;0.403;-0.049;-0.101;936.686;2.368;63.183;0;285.946;27.143;27.851;0.0;-3.762;-0.062;374.005;28.541;-1.777;2.232;62.558;0.0;0.0;-0.453;285.945
2020/09/06 22:35;27.076;0.0;-5.224;-4.201;-0.348;5.858;6.954;0.408;-0.117;-0.006;936.758;2.253;58.967;0;285.944;27.177;27.72;0.0;-3.67;0.084;373.972;28.547;-2.464;2.082;58.858;0.0;0.0;-0.453;285.944
2020/09/06 22:36;27.059;0.0;-5.163;-4.213;-0.349;5.861;6.954;0.496;-0.078;-0.117;936.823;2.269;55.376;0;285.944;27.167;27.683;0.0;-3.673;-0.27;373.935;28.538;-1.853;2.093;53.533;0.0;0.0;-0.453;285.943
2020/09/06 22:37;27.039;0.0;-5.175;-4.245;-0.347;5.86;6.954;0.503;-0.106;-0.076;936.83;2.137;61.209;0;285.944;27.144;27.677;0.0;-3.694;-0.417;373.982;28.527;-1.639;2.006;59.625;0.0;0.0;-0.453;285.943
2020/09/06 22:38;27.041;0.0;-5.224;-4.225;-0.345;5.857;6.955;0.499;-0.086;-0.099;936.83;2.235;64.347;0;285.944;27.136;27.605;0.0;-3.721;-0.32;373.916;28.515;-1.196;2.06;62.242;0.0;0.0;-0.453;285.943
2020/09/06 22:39;27.024;0.0;-5.227;-4.09;-0.349;5.857;6.956;0.377;-0.082;-0.034;936.83;2.163;64.463;0;285.944;27.136;27.545;0.0;-3.698;-0.061;373.83;28.498;-0.949;1.972;61.975;0.0;0.0;-0.453;285.943
2020/09/06 22:40;26.953;0.0;-5.242;-4.08;-0.357;5.863;6.957;0.459;-0.058;-0.127;936.831;1.982;64.441;0;285.944;27.099;27.612;0.0;-3.745;0.376;373.79;28.469;-2.265;1.809;62.217;0.0;0.0;-0.453;285.943
2020/09/06 22:41;26.9;0.0;-5.372;-4.219;-0.353;5.861;6.956;0.496;-0.079;-0.108;936.83;2.093;62.242;0;285.941;27.037;27.672;0.0;-3.867;0.254;373.733;28.438;-2.223;1.87;62.05;0.0;0.0;-0.453;285.942
2020/09/06 22:42;26.898;0.0;-5.472;-4.288;-0.348;5.859;6.957;0.399;-0.051;-0.098;936.83;2.086;62.324;0;285.941;27.003;27.646;0.0;-3.904;0.042;373.79;28.414;-2.049;1.854;61.317;0.0;0.0;-0.453;285.941
2020/09/06 22:43;26.901;0.0;-5.518;-4.381;-0.346;5.86;6.956;0.387;-0.095;-0.018;936.83;1.916;62.326;0;285.941;27.006;27.55;0.0;-3.922;-0.054;373.949;28.389;-1.894;1.709;59.458;0.0;0.0;-0.453;285.941
2020/09/06 22:44;26.9;0.0;-5.579;-4.334;-0.346;5.858;6.957;0.406;-0.045;-0.103;936.83;1.973;63.291;0;285.941;27.0;27.497;0.0;-3.953;-0.029;373.95;28.354;-1.991;1.795;62.025;0.0;0.0;-0.453;285.941
2020/09/06 22:45;26.938;0.0;-5.578;-4.264;-0.348;5.857;6.958;0.397;-0.113;-0.008;936.83;2.318;64.889;0;285.941;27.009;27.392;0.0;-3.943;0.127;373.77;28.34;-2.475;2.131;63.092;0.0;0.0;-0.453;285.941
2020/09/06 22:46;26.942;0.0;-5.455;-4.394;-0.345;5.861;6.956;0.38;-0.095;-0.017;936.831;2.183;62.042;0;285.939;27.039;27.282;0.0;-3.859;0.093;373.706;28.348;-2.251;2.023;61.417;0.0;0.0;-0.453;285.94
2020/09/06 22:47;26.881;0.0;-5.384;-4.397;-0.342;5.861;6.956;0.393;-0.052;-0.093;936.83;1.851;63.126;0;285.939;27.019;27.327;0.0;-3.829;0.075;373.715;28.337;-1.976;1.735;62.458;0.0;0.0;-0.453;285.939
2020/09/06 22:48;26.85;0.0;-5.388;-4.279;-0.346;5.86;6.957;0.5;-0.107;-0.073;936.83;1.859;67.034;0;285.939;26.978;27.342;0.0;-3.881;0.124;373.593;28.319;-2.142;1.801;64.483;0.0;0.0;-0.453;285.939
2020/09/06 22:49;26.853;0.0;-5.424;-4.145;-0.349;5.858;6.959;0.375;-0.087;-0.032;936.831;2.008;60.503;0;285.939;26.962;27.244;0.0;-3.925;0.053;373.489;28.304;-1.655;1.923;60.7;0.0;0.0;-0.453;285.939
2020/09/06 22:50;26.862;0.0;-5.434;-4.199;-0.345;5.857;6.958;0.464;-0.129;-0.022;936.83;1.969;52.749;0;285.939;26.965;27.126;0.0;-3.933;-0.104;373.512;28.289;-1.366;1.853;50.292;0.0;0.0;-0.453;285.939
2020/09/06 22:51;26.863;0.0;-5.396;-4.37;-0.344;5.862;6.957;0.491;-0.118;-0.058;936.829;1.662;53.135;0;285.939;26.974;27.064;0.0;-3.977;0.015;373.566;28.274;-2.132;1.645;67.992;0.0;0.0;-0.453;285.939
2020/09/06 22:52;26.857;0.0;-5.409;-4.31;-0.346;5.862;6.958;0.492;-0.121;-0.055;936.829;1.757;58.684;0;285.937;26.965;27.054;0.0;-4.086;0.142;373.519;28.261;-2.194;1.71;76.533;0.0;0.0;-0.453;285.938
2020/09/06 22:53;26.815;0.0;-5.424;-4.123;-0.347;5.858;6.96;0.446;-0.048;-0.126;936.828;1.91;59.441;0;285.937;26.942;27.091;0.0;-4.084;-0.013;373.453;28.252;-1.896;1.818;56.325;0.0;0.0;-0.453;285.938
2020/09/06 22:54;26.76;0.0;-5.453;-4.256;-0.342;5.858;6.958;0.454;-0.128;-0.014;936.827;1.725;56.404;0;285.937;26.904;27.185;0.0;-4.075;-0.082;373.384;28.224;-1.64;1.695;51.6;0.0;0.0;-0.453;285.938
2020/09/06 22:55;26.741;0.0;-5.514;-4.357;-0.346;5.863;6.957;0.395;-0.049;-0.094;936.827;1.602;60.0;0;285.937;26.866;27.215;0.0;-4.183;-0.165;373.234;28.181;-1.436;1.527;57.142;0.0;0.0;-0.453;285.938
2020/09/06 22:56;26.728;0.0;-5.623;-4.32;-0.351;5.864;6.959;0.379;-0.092;-0.025;936.828;1.633;63.798;0;285.937;26.859;27.197;0.0;-4.282;-0.013;372.938;28.142;-2.193;1.487;61.5;0.0;0.0;-0.453;285.938
2020/09/06 22:57;26.715;0.0;-5.764;-4.431;-0.346;5.861;6.959;0.505;-0.099;-0.085;936.827;1.54;57.183;0;285.937;26.845;27.188;0.0;-4.338;0.119;372.729;28.106;-2.375;1.442;53.625;0.0;0.0;-0.453;285.937
2020/09/06 22:58;26.726;0.0;-5.827;-4.311;-0.35;5.86;6.961;0.4;-0.05;-0.082;936.828;1.702;57.69;0;285.936;26.828;27.162;0.0;-4.386;0.234;372.689;28.074;-2.466;1.576;56.267;0.0;0.0;-0.453;285.936
2020/09/06 22:59;26.731;0.0;-5.779;-4.497;-0.35;5.865;6.959;0.434;-0.05;-0.11;936.828;1.784;57.272;0;285.936;26.836;27.113;0.0;-4.374;0.262;372.699;28.058;-2.687;1.632;56.875;0.0;0.0;-0.453;285.936
2020/09/06 23:00;26.724;0.0;-5.704;-4.587;-0.345;5.866;6.958;0.412;-0.122;-0.003;936.827;1.632;59.282;0;285.936;26.847;27.064;0.0;-4.289;0.106;372.636;28.054;-2.243;1.526;58.458;0.0;0.0;-0.453;285.936
2020/09/06 23:01;26.717;0.0;-5.643;-4.409;-0.344;5.862;6.959;0.501;-0.064;-0.126;936.827;1.833;67.095;0;285.936;26.847;27.016;0.0;-4.197;-0.073;372.54;28.048;-1.634;1.701;65.633;0.0;0.0;-0.453;285.936
2020/09/06 23:02;26.697;0.0;-5.556;-4.35;-0.344;5.862;6.959;0.377;-0.103;-0.014;936.828;2.069;63.358;0;285.936;26.838;26.961;0.0;-4.081;-0.16;372.541;28.043;-1.49;1.959;61.233;0.0;0.0;-0.453;285.935
2020/09/06 23:03;26.65;0.0;-5.461;-4.259;-0.345;5.863;6.96;0.499;-0.101;-0.079;936.828;1.981;62.949;0;285.934;26.807;27.003;0.0;-3.963;-0.198;372.535;28.034;-1.486;1.896;60.608;0.0;0.0;-0.453;285.934
2020/09/06 23:04;26.593;0.0;-5.43;-4.242;-0.344;5.863;6.96;0.499;-0.082;-0.107;936.827;2.002;66.96;0;285.934;26.754;27.136;0.0;-3.915;-0.159;372.498;28.016;-1.304;1.889;64.458;0.0;0.0;-0.453;285.934
2020/09/06 23:05;26.562;0.0;-5.41;-4.213;-0.343;5.862;6.959;0.483;-0.125;-0.036;936.827;2.278;67.962;0;285.934;26.72;27.186;0.0;-3.871;-0.019;372.495;28.006;-1.394;2.096;66.9;0.0;0.0;-0.453;285.934
2020/09/06 23:06;26.525;0.0;-5.332;-4.169;-0.343;5.863;6.96;0.377;-0.066;-0.062;936.884;2.459;64.864;0;285.934;26.681;27.241;0.0;-3.767;-0.043;372.669;27.996;-1.796;2.247;63.692;0.0;0.0;-0.453;285.934
2020/09/06 23:07;26.516;0.0;-5.219;-4.072;-0.344;5.863;6.96;0.377;-0.092;-0.023;936.977;2.472;65.161;0;285.934;26.646;27.303;0.0;-3.662;0.005;372.801;27.99;-1.996;2.313;62.333;0.0;0.0;-0.453;285.934
2020/09/06 23:08;26.519;0.0;-5.09;-3.836;-0.35;5.864;6.962;0.384;-0.056;-0.08;937.014;2.545;65.8;0;285.934;26.643;27.308;0.0;-3.557;0.148;372.777;27.989;-2.049;2.316;64.15;0.0;0.0;-0.453;285.933
2020/09/06 23:09;26.527;0.0;-4.98;-3.606;-0.353;5.862;6.964;0.406;-0.047;-0.101;937.014;2.607;64.631;0;285.931;26.654;27.227;0.0;-3.446;0.092;372.652;27.991;-1.704;2.359;63.175;0.0;0.0;-0.453;285.932
2020/09/06 23:10;26.526;0.0;-4.918;-3.679;-0.342;5.858;6.963;0.393;-0.107;-0.01;937.014;2.408;67.183;0;285.931;26.659;27.166;0.0;-3.331;-0.109;372.595;27.991;-1.5;2.222;64.333;0.0;0.0;-0.453;285.932
2020/09/06 23:11;26.502;0.0;-4.887;-4.038;-0.336;5.864;6.959;0.477;-0.126;-0.028;937.013;2.527;66.697;0;285.931;26.642;27.157;0.0;-3.302;0.125;372.579;27.979;-2.225;2.307;65.033;0.0;0.0;-0.453;285.932
2020/09/06 23:12;26.517;0.0;-4.824;-3.968;-0.345;5.87;6.96;0.463;-0.055;-0.126;937.014;3.203;63.974;0;285.931;26.627;27.043;0.0;-3.341;0.113;372.587;27.98;-1.775;3.031;62.142;0.0;0.0;-0.453;285.932
2020/09/06 23:13;26.518;0.0;-4.674;-3.804;-0.345;5.868;6.961;0.462;-0.053;-0.128;937.014;3.442;66.458;0;285.931;26.637;26.894;0.0;-3.23;-0.043;372.621;27.999;-1.223;3.248;63.267;0.0;0.0;-0.453;285.932
2020/09/06 23:14;26.49;0.0;-4.512;-3.599;-0.339;5.861;6.962;0.389;-0.105;-0.009;937.013;3.202;64.6;0;285.931;26.639;26.808;0.0;-3.026;0.197;372.751;28.02;-2.085;2.889;62.458;0.0;0.0;-0.453;285.931
2020/09/06 23:15;26.469;0.0;-4.383;-3.517;-0.343;5.864;6.962;0.471;-0.127;-0.028;937.013;2.884;64.325;0;285.93;26.621;26.773;0.0;-2.94;0.063;373.1;28.024;-2.004;2.589;66.958;0.0;0.0;-0.453;285.93
2020/09/06 23:16;26.433;0.0;-4.329;-3.611;-0.348;5.871;6.961;0.436;-0.048;-0.122;937.014;2.723;64.16;0;285.93;26.599;26.79;0.0;-2.963;-0.323;373.354;28.01;-1.798;2.473;65.45;0.0;0.0;-0.453;285.93
2020/09/06 23:17;26.411;0.0;-4.418;-3.384;-0.35;5.866;6.964;0.451;-0.051;-0.127;937.014;2.668;62.201;0;285.93;26.562;26.843;0.0;-3.053;-0.051;373.624;27.993;-2.309;2.455;60.3;0.0;0.0;-0.453;285.93
2020/09/06 23:18;26.425;0.0;-4.532;-3.454;-0.345;5.862;6.964;0.38;-0.09;-0.025;937.013;2.539;57.079;0;285.93;26.547;26.799;0.0;-3.179;0.182;373.851;27.984;-1.962;2.462;59.85;0.0;0.0;-0.453;285.93
2020/09/06 23:19;26.447;0.0;-4.551;-3.664;-0.341;5.864;6.962;0.458;-0.131;-0.02;937.012;2.806;57.691;0;285.93;26.561;26.702;0.0;-3.24;-0.104;373.955;27.987;-1.571;2.759;58.692;0.0;0.0;-0.453;285.929
2020/09/06 23:20;26.467;0.0;-4.483;-3.588;-0.341;5.864;6.963;0.497;-0.112;-0.066;937.013;3.044;63.6;0;285.927;26.581;26.64;0.0;-3.203;-0.096;374.039;27.998;-1.741;2.84;60.25;0.0;0.0;-0.453;285.928
2020/09/06 23:21;26.438;0.0;-4.39;-3.633;-0.342;5.868;6.962;0.436;-0.128;-0.008;937.014;2.741;60.585;0;285.927;26.591;26.63;0.0;-3.122;0.132;374.131;28.0;-2.179;2.506;70.142;0.0;0.0;-0.453;285.928
2020/09/06 23:22;26.372;0.0;-4.423;-3.705;-0.342;5.869;6.962;0.428;-0.046;-0.118;937.033;2.309;61.937;0;285.927;26.548;26.734;0.0;-3.162;0.047;374.31;27.977;-1.864;2.19;71.608;0.0;0.0;-0.453;285.928
2020/09/06 23:23;26.344;0.0;-4.584;-3.686;-0.341;5.866;6.963;0.417;-0.046;-0.111;937.11;2.353;61.829;0;285.927;26.496;26.862;0.0;-3.321;-0.151;374.481;27.945;-1.282;2.241;58.808;0.0;0.0;-0.453;285.928
2020/09/06 23:24;26.327;0.0;-4.714;-3.635;-0.342;5.864;6.964;0.436;-0.05;-0.13;937.186;2.598;64.736;0;285.927;26.475;26.924;0.0;-3.421;-0.236;374.666;27.923;-1.369;2.413;61.583;0.0;0.0;-0.453;285.928
2020/09/06 23:25;26.277;0.0;-4.746;-3.803;-0.342;5.868;6.963;0.444;-0.05;-0.128;937.212;2.571;72.066;0;285.927;26.442;27.011;0.0;-3.454;-0.34;374.864;27.903;-1.145;2.441;69.133;0.0;0.0;-0.453;285.927
2020/09/06 23:26;26.252;0.0;-4.764;-4.122;-0.338;5.873;6.96;0.459;-0.052;-0.131;937.217;2.632;73.205;0;285.925;26.398;27.251;0.0;-3.464;-0.372;375.141;27.881;-0.856;2.627;71.317;0.0;0.0;-0.453;285.926
2020/09/06 23:27;26.258;0.0;-4.757;-3.889;-0.339;5.868;6.962;0.46;-0.056;-0.128;937.217;3.156;72.738;0;285.925;26.39;27.535;0.0;-3.42;-0.241;375.447;27.875;-1.189;3.131;71.533;0.0;0.0;-0.453;285.926
2020/09/06 23:28;26.219;0.0;-4.647;-3.66;-0.343;5.867;6.964;0.492;-0.12;-0.053;937.218;2.944;69.127;0;285.925;26.398;27.727;0.0;-3.314;-0.167;375.819;27.872;-1.394;2.922;65.508;0.0;0.0;-0.453;285.926
2020/09/06 23:29;26.07;0.0;-4.566;-3.656;-0.343;5.869;6.964;0.393;-0.109;-0.009;937.218;3.58;65.806;0;285.925;26.328;28.299;0.0;-3.282;-0.137;376.159;27.843;-1.432;3.516;61.958;0.0;0.0;-0.453;285.926
2020/09/06 23:30;25.89;0.0;-4.49;-3.535;-0.345;5.869;6.965;0.375;-0.08;-0.037;937.219;4.108;68.806;0;285.925;26.193;29.088;0.0;-3.294;-0.025;376.607;27.792;-1.6;3.95;65.092;0.0;0.0;-0.453;285.926
2020/09/06 23:31;25.756;0.0;-4.484;-3.531;-0.339;5.866;6.964;0.479;-0.067;-0.122;937.217;3.241;69.144;0;285.923;26.068;29.698;0.0;-3.329;0.028;377.251;27.724;-2.091;3.145;67.15;0.0;0.0;-0.453;285.925
2020/09/06 23:32;25.638;0.0;-4.61;-3.563;-0.336;5.863;6.965;0.455;-0.13;-0.02;937.215;2.874;66.141;0;285.923;25.948;30.256;0.0;-3.506;-0.189;377.709;27.641;-1.654;2.797;62.617;0.0;0.0;-0.453;285.924
2020/09/06 23:33;25.528;0.0;-4.771;-3.766;-0.342;5.87;6.965;0.435;-0.048;-0.127;937.216;3.346;68.893;0;285.923;25.834;30.721;0.0;-3.781;-0.262;377.863;27.55;-0.891;3.198;63.117;0.0;0.0;-0.453;285.924
2020/09/06 23:34;25.432;0.0;-4.885;-3.926;-0.342;5.873;6.964;0.473;-0.056;-0.131;937.218;3.588;72.17;0;285.923;25.741;31.189;0.0;-3.95;0.067;377.9;27.465;-1.714;3.483;67.225;0.0;0.0;-0.453;285.924
2020/09/06 23:35;25.367;0.0;-4.922;-3.855;-0.34;5.869;6.965;0.462;-0.058;-0.127;937.217;3.29;70.316;0;285.923;25.664;31.497;0.0;-3.991;-0.029;377.875;27.381;-1.943;3.246;64.55;0.0;0.0;-0.453;285.924
2020/09/06 23:36;25.317;0.0;-4.945;-3.882;-0.341;5.87;6.965;0.486;-0.067;-0.124;937.217;3.655;71.139;0;285.923;25.591;31.653;0.0;-4.025;-0.2;377.657;27.299;-1.674;3.585;65.442;0.0;0.0;-0.453;285.923
2020/09/06 23:37;25.296;0.0;-4.882;-3.883;-0.342;5.873;6.965;0.46;-0.128;-0.018;937.217;4.171;73.263;0;285.921;25.533;31.844;0.0;-3.94;0.016;377.428;27.237;-2.226;4.004;68.558;0.0;0.0;-0.453;285.922
2020/09/06 23:38;25.281;0.0;-4.732;-3.839;-0.337;5.873;6.964;0.436;-0.05;-0.121;937.216;4.598;70.863;0;285.921;25.493;31.99;0.0;-3.721;0.102;377.158;27.19;-2.35;4.333;68.258;0.0;0.0;-0.453;285.921
2020/09/06 23:39;25.258;0.0;-4.575;-3.71;-0.334;5.87;6.964;0.478;-0.127;-0.031;937.207;4.793;65.832;0;285.921;25.462;32.073;0.0;-3.508;-0.053;376.715;27.149;-1.837;4.45;70.633;0.0;0.0;-0.453;285.921
2020/09/06 23:40;25.234;0.0;-4.412;-3.51;-0.336;5.869;6.966;0.494;-0.081;-0.114;937.206;4.574;63.771;0;285.921;25.436;32.154;0.0;-3.367;-0.063;376.119;27.114;-1.68;4.334;67.725;0.0;0.0;-0.453;285.921
2020/09/06 23:41;25.218;0.0;-4.272;-3.374;-0.338;5.87;6.967;0.494;-0.08;-0.113;937.215;3.911;67.973;0;285.921;25.408;32.221;0.0;-3.288;-0.034;375.475;27.077;-1.642;3.841;64.042;0.0;0.0;-0.453;285.921
2020/09/06 23:42;25.204;0.0;-4.275;-3.415;-0.337;5.87;6.967;0.377;-0.066;-0.065;937.221;4.045;72.452;0;285.921;25.381;32.279;0.0;-3.294;0.056;374.863;27.038;-1.854;3.88;68.258;0.0;0.0;-0.453;285.92
2020/09/06 23:43;25.195;0.0;-4.304;-3.46;-0.335;5.869;6.967;0.501;-0.09;-0.1;937.221;4.425;70.28;0;285.919;25.367;32.321;0.0;-3.28;0.08;374.263;27.009;-1.955;4.185;65.108;0.0;0.0;-0.453;285.919
2020/09/06 23:44;25.187;0.0;-4.246;-3.424;-0.336;5.87;6.968;0.466;-0.061;-0.129;937.215;4.311;66.439;0;285.919;25.365;32.359;0.0;-3.2;-0.032;373.609;26.982;-1.678;4.137;62.725;0.0;0.0;-0.453;285.919
2020/09/06 23:45;25.171;0.0;-4.171;-3.32;-0.337;5.869;6.968;0.457;-0.051;-0.128;937.215;4.527;66.557;0;285.919;25.353;32.437;0.0;-3.134;0.018;372.802;26.954;-1.764;4.373;64.542;0.0;0.0;-0.453;285.919
2020/09/06 23:46;25.161;0.0;-4.069;-3.276;-0.337;5.87;6.968;0.453;-0.129;-0.018;937.21;4.649;67.458;0;285.919;25.337;32.501;0.0;-3.065;-0.019;371.935;26.935;-1.892;4.497;65.683;0.0;0.0;-0.453;285.919
2020/09/06 23:47;25.126;0.0;-4.019;-3.255;-0.336;5.87;6.968;0.408;-0.045;-0.103;937.21;3.907;64.826;0;285.919;25.319;32.556;0.0;-3.028;-0.013;371.239;26.908;-1.922;3.849;61.425;0.0;0.0;-0.453;285.919
2020/09/06 23:48;25.087;0.0;-4.108;-3.307;-0.336;5.87;6.968;0.498;-0.115;-0.061;937.215;3.475;66.282;0;285.918;25.292;32.642;0.0;-3.155;0.1;370.683;26.867;-2.158;3.412;61.475;0.0;0.0;-0.453;285.918
2020/09/06 23:49;25.091;0.0;-4.263;-3.479;-0.335;5.871;6.968;0.502;-0.103;-0.085;937.214;3.621;74.841;0;285.918;25.26;32.763;0.0;-3.307;0.151;370.223;26.828;-2.488;3.521;71.667;0.0;0.0;-0.453;285.918
2020/09/06 23:50;25.085;0.0;-4.339;-3.492;-0.336;5.871;6.969;0.501;-0.087;-0.099;937.213;3.491;71.067;0;285.918;25.253;32.872;0.0;-3.321;0.061;369.782;26.803;-1.879;3.324;66.6;0.0;0.0;-0.453;285.918
2020/09/06 23:51;25.041;0.0;-4.39;-3.516;-0.336;5.87;6.969;0.447;-0.128;-0.011;937.212;3.287;65.326;0;285.918;25.236;32.979;0.0;-3.35;0.02;369.27;26.774;-1.762;3.124;59.858;0.0;0.0;-0.453;285.918
2020/09/06 23:52;24.999;0.0;-4.512;-3.642;-0.335;5.87;6.969;0.495;-0.118;-0.06;937.212;3.111;64.463;0;285.918;25.189;33.117;0.0;-3.464;0.077;368.724;26.73;-1.995;3.062;58.958;0.0;0.0;-0.453;285.918
2020/09/06 23:53;24.983;0.0;-4.603;-3.731;-0.336;5.872;6.969;0.498;-0.082;-0.109;937.211;3.349;62.035;0;285.918;25.17;33.213;0.0;-3.561;0.011;368.146;26.689;-1.731;3.273;63.708;0.0;0.0;-0.453;285.917
2020/09/06 23:54;24.998;0.0;-4.611;-3.714;-0.335;5.871;6.97;0.404;-0.047;-0.096;937.21;3.935;65.923;0;285.915;25.17;33.258;0.0;-3.564;0.012;367.59;26.665;-1.766;3.75;68.217;0.0;0.0;-0.453;285.916
2020/09/06 23:55;25.028;0.0;-4.524;-3.675;-0.335;5.872;6.97;0.493;-0.118;-0.061;937.213;4.026;71.404;0;285.915;25.172;33.272;0.0;-3.425;0.027;367.18;26.66;-1.864;3.882;66.442;0.0;0.0;-0.453;285.915
2020/09/06 23:56;25.003;0.0;-4.418;-3.635;-0.335;5.873;6.97;0.406;-0.048;-0.102;937.213;3.159;67.728;0;285.915;25.179;33.262;0.0;-3.243;-0.003;367.025;26.657;-1.915;3.13;62.842;0.0;0.0;-0.453;285.915
2020/09/06 23:57;24.954;0.0;-4.464;-3.611;-0.334;5.871;6.97;0.382;-0.062;-0.07;937.213;2.996;59.78;0;285.915;25.157;33.297;0.0;-3.271;0.04;366.986;26.626;-1.85;2.946;56.75;0.0;0.0;-0.453;285.915
2020/09/06 23:58;24.922;0.0;-4.539;-3.729;-0.334;5.872;6.97;0.492;-0.118;-0.052;937.222;3.483;59.662;0;285.915;25.116;33.337;0.0;-3.44;0.107;367.01;26.584;-1.935;3.339;55.342;0.0;0.0;-0.453;285.915
2020/09/06 23:59;24.925;0.0;-4.497;-3.546;-0.339;5.872;6.972;0.378;-0.073;-0.049;937.215;3.742;68.811;0;285.915;25.097;33.268;0.0;-3.497;0.086;367.005;26.563;-1.582;3.571;65.375;0.0;0.0;-0.453;285.914
